6 0.840576171875 0.7326768781911014 0.07373046875 0.1363967906637491
2 0.80615234375 0.4912472647702407 0.0908203125 0.1962071480671043
5 0.59765625 0.29175784099197666 0.0615234375 0.1765134938001459
3 0.438232421875 0.3949671772428884 0.06591796875 0.1363967906637491
4 0.69873046875 0.4048140043763676 0.0498046875 0.10649161196207148
4 0.676513671875 0.22647702407002188 0.04638671875 0.10576221735959154
4 0.621337890625 0.5051057622173596 0.05224609375 0.11597374179431072
4 0.51708984375 0.3056163384390955 0.0419921875 0.10940919037199125
4 0.36328125 0.06236323851203501 0.0439453125 0.11159737417943107
11 0.363037109375 0.2910284463894967 0.05908203125 0.17359591539022612
8 0.269287109375 0.3690736688548505 0.07568359375 0.19839533187454414
9 0.3564453125 0.4912472647702407 0.056640625 0.14952589350838805
7 0.440673828125 0.6028446389496718 0.06298828125 0.15098468271334792
9 0.50732421875 0.13274981765134938 0.0546875 0.14296134208606856
12 0.642578125 0.7206418672501823 0.0732421875 0.1473377097009482
12 0.20751953125 0.05470459518599562 0.0556640625 0.10940919037199125
10 0.434326171875 0.3041575492341357 0.04931640625 0.10357403355215171
10 0.28369140625 0.05762217359591539 0.0498046875 0.0962800875273523
10 0.2861328125 0.21553610503282275 0.05078125 0.10284463894967177
10 0.262939453125 0.613056163384391 0.06005859375 0.11597374179431072